0 1462
0 1945
0 175
0 570
0 763
0 590
0 1602
0 1747
0 1815
1 1164
1 91
1 1937
2 1460
3 1920
3 208
3 959
3 1531
3 1050
3 614
3 1929
3 566
4 1024
4 916
5 246
5 745
5 837
5 292
5 1096
5 1443
6 1664
6 1826
6 12
6 1403
7 1477
8 1762
9 1453
9 533
9 1966
9 84
10 1247
11 1350
11 178
11 803
11 1148
11 562
11 1425
11 1239
11 1113
11 1196
12 593
13 959
13 1555
13 1090
13 426
13 277
14 1667
14 794
14 1551
15 1646
15 1115
15 893
15 541
16 1441
16 304
16 1484
16 110
16 253
17 324
17 559
17 518
17 1137
17 889
18 1196
19 1198
20 1176
20 1976
20 641
20 379
20 879
20 1975
20 1860
20 1842
20 1935
21 1766
22 1928
22 244
22 485
22 45
22 1812
22 271
23 1816
24 1408
25 1509
25 1973
25 1350
25 701
25 1406
26 979
26 1574
27 1330
27 225
27 1342
27 504
27 166
27 948
27 1510
28 1324
28 151
28 1564
28 1016
28 710
28 75
29 1250
29 1262
29 1120
29 1867
29 668
29 1785
29 1898
29 678
29 895
29 337
29 1203
30 174
30 1925
31 1723
31 1511
31 1642
31 46
31 1271
32 1826
32 1377
32 525
32 429
32 1299
32 1282
32 1015
33 1812
33 162
33 1601
33 432
33 1244
33 1931
33 572
33 146
33 1180
34 1981
34 340
35 856
36 1709
37 1207
38 1421
38 340
38 112
38 1905
38 659
38 100
38 966
38 1276
38 729
39 530
39 1798
39 1917
39 538
39 169
40 205
40 410
40 1383
40 975
40 686
40 860
41 1147
41 452
41 1843
41 1062
41 996
42 149
42 1516
42 1538
42 258
42 1739
43 1442
44 1757
44 1577
44 812
44 1402
44 1620
45 361
45 461
45 1250
45 1199
45 1491
45 1965
46 1026
46 1015
47 1841
48 1750
48 1307
48 1440
48 1799
49 357
50 1557
51 813
51 20
52 684
53 61
53 1557
53 1429
53 299
53 1910
53 1678
54 1299
55 1698
55 1473
55 278
55 440
55 1477
56 866
56 1408
56 893
56 218
57 722
58 700
58 1334
58 1072
58 145
58 1288
58 631
58 637
58 1939
58 1334
58 1569
58 1361
59 1609
59 72
59 121
59 477
59 1680
59 672
59 250
60 1485
60 907
61 1970
61 251
61 311
61 1401
62 618
62 1390
62 1331
62 493
62 872
62 472
62 1199
63 1767
64 1406
64 627
64 1183
64 1992
64 812
65 474
65 1647
66 144
67 1490
67 1827
67 1841
67 224
67 1177
68 1131
69 1133
69 971
69 1645
69 1493
69 1053
69 1837
70 1192
70 1011
70 565
70 1076
70 788
70 172
71 490
71 401
71 143
71 751
71 879
71 1418
72 1786
72 1513
72 1459
72 246
72 1886
72 1217
72 1297
72 378
73 294
73 284
74 26
74 864
74 295
74 1368
74 950
74 1183
75 553
76 851
76 249
76 1806
76 1305
77 1124
77 727
78 401
79 470
79 24
80 779
80 1298
80 1526
80 345
81 421
81 1712
81 1948
81 936
81 816
81 83
81 344
81 860
82 685
82 1858
83 43
83 666
83 1899
83 1246
84 1157
84 916
85 1390
85 308
85 662
85 161
85 497
85 744
86 1595
86 1606
86 123
86 271
86 597
86 188
86 1492
86 426
86 224
87 253
88 1268
88 1272
88 1051
88 204
89 1704
89 250
89 1122
89 281
89 82
89 184
90 171
90 1185
91 355
91 110
91 191
91 948
91 977
91 626
91 878
92 1125
92 1438
92 645
92 153
92 555
92 256
92 249
92 302
92 912
93 79
93 1443
94 1895
94 254
94 1879
94 354
94 1037
94 1323
94 1687
94 467
95 7
95 393
95 1963
95 1372
95 1800
96 788
96 1278
96 173
96 382
97 1902
97 773
97 59
97 1930
97 1968
98 1541
98 412
98 1918
99 931
99 1230
100 981
100 265
100 1297
100 1178
100 606
100 456
101 322
101 1159
101 193
101 44
101 1
101 1022
101 1727
101 1231
102 1347
102 1382
102 53
102 1603
102 9
103 643
104 1168
104 125
104 848
104 135
104 876
104 974
105 699
105 940
105 378
105 1006
105 1527
105 1675
105 802
106 1968
106 1425
106 1238
106 951
106 530
106 1478
107 469
107 938
107 1337
107 45
107 317
108 12
108 1110
108 215
108 1843
109 207
109 1880
109 789
109 323
109 1180
109 947
109 1818
109 1043
110 194
110 400
110 1127
110 871
110 96
111 939
111 1433
111 1804
111 388
111 1434
112 1160
112 340
112 1288
112 1875
113 1318
113 1278
113 244
113 1578
114 1633
114 824
115 1813
115 392
116 744
116 1041
117 1459
118 628
118 297
119 1309
120 1040
120 340
120 1150
121 1342
121 1196
121 1980
121 1352
121 1731
121 1550
122 1803
122 605
122 916
122 983
123 386
123 1215
123 487
123 1840
124 1410
124 1368
124 113
124 839
125 176
125 1543
126 133
126 1711
126 1654
126 698
126 1548
126 576
126 222
126 1881
127 1507
128 963
129 895
129 151
129 1620
129 1990
129 404
129 886
129 160
129 522
129 1084
129 1414
130 1021
130 853
130 244
130 2
130 1409
131 1935
131 149
131 934
131 1551
131 1241
131 1530
132 863
132 1712
132 653
132 1557
132 722
133 982
134 1453
135 391
135 564
135 1023
135 1387
135 1937
135 360
135 1317
135 1157
135 1800
135 48
136 290
136 69
136 1316
136 264
136 305
136 80
137 1686
137 177
137 744
137 1846
137 1254
137 1327
138 451
138 1764
138 1112
138 1744
138 837
138 1111
139 874
140 803
140 498
140 1840
140 921
140 1084
140 1490
140 1518
140 1287
141 1356
141 1154
141 3
141 323
141 573
141 123
142 516
142 1326
142 895
142 379
142 613
142 1499
142 135
143 558
143 1808
144 1791
144 152
144 366
144 1925
144 641
145 1722
146 1610
146 1253
147 253
148 716
148 1051
148 235
148 1723
148 1200
148 1979
149 12
149 301
149 1694
149 302
149 1549
149 842
149 1799
150 324
151 1079
151 1987
152 1174
152 836
152 151
152 1725
152 1897
152 1274
153 1939
153 1511
153 1865
153 1587
153 379
154 1205
154 579
154 1283
154 38
155 1971
156 232
156 606
156 1925
156 515
156 1616
156 1822
157 194
157 1933
157 1673
157 1768
157 442
158 1003
158 752
159 724
159 1848
159 1707
159 562
159 1598
159 868
159 1518
160 178
161 1708
161 684
162 228
163 2
164 1181
164 727
164 1272
164 632
164 1177
164 877
164 1678
164 606
164 1228
164 250
165 20
166 1437
166 567
167 894
167 1395
167 1016
167 1008
167 1024
167 1404
168 324
168 1619
168 834
168 77
168 1139
168 632
169 93
169 1255
169 75
169 79
170 22
170 1736
170 246
170 1052
170 487
170 182
170 1589
170 1992
170 1181
170 1742
170 392
171 657
171 1338
171 1174
171 1820
172 1589
172 1588
172 1684
172 874
172 119
173 1004
173 142
173 1488
173 841
173 1261
173 1325
174 1598
174 909
175 1897
176 366
176 1346
176 142
176 771
176 1312
176 1909
177 734
178 1598
178 1063
179 542
179 376
180 1357
181 1364
181 1041
182 898
182 674
182 260
182 186
182 1423
182 1931
182 1031
182 653
183 1585
184 774
185 1771
186 847
187 1033
188 418
189 1899
189 1297
189 1582
189 155
189 507
190 671
191 1824
191 68
191 293
191 788
192 961
193 128
193 741
193 256
193 1450
193 804
193 496
194 448
195 610
195 1578
195 1875
195 1893
196 409
196 786
196 1341
196 657
197 41
197 293
197 1774
197 1890
197 418
197 212
197 86
198 533
198 381
198 1925
198 898
199 1386
199 144
199 787
199 1952
199 1909
199 1290
200 12
200 1491
201 1040
202 614
202 1705
202 1356
203 1407
203 1044
203 848
203 952
203 1895
203 295
204 1639
205 927
205 1814
205 1647
205 196
205 775
205 1369
206 920
206 1433
206 602
206 651
206 1171
207 591
207 1837
207 1273
207 888
207 401
208 1941
208 1275
208 374
208 261
208 97
208 70
208 1614
208 1342
208 345
209 648
210 1349
210 1226
210 31
210 579
210 1006
210 1023
210 1019
211 910
212 646
212 1775
212 1644
212 1615
213 1487
214 1857
215 164
215 1733
215 1412
215 293
215 613
216 1638
217 578
217 805
217 706
217 126
217 527
218 40
218 1159
218 1858
218 983
218 968
218 381
219 66
220 1871
221 1935
222 690
222 1797
222 346
222 1242
222 1841
222 970
223 881
223 1470
224 419
224 934
225 385
225 1074
225 187
225 733
225 572
226 1300
226 499
226 1622
226 386
227 1564
227 869
228 885
229 613
230 162
230 1926
230 1994
230 1169
230 1575
230 930
230 572
231 882
231 1705
232 1478
233 1469
233 788
233 1958
233 117
233 1378
234 140
234 1888
235 1347
235 790
235 361
235 1836
236 971
236 949
236 1235
236 1681
236 1093
236 1049
237 429
237 520
238 419
239 606
239 1173
239 1761
239 1101
240 1694
241 380
241 490
241 1215
241 1917
241 1730
242 433
243 504
243 119
243 153
243 232
243 313
244 1307
245 1874
245 397
245 18
245 625
245 1781
245 854
246 1781
247 1113
248 316
248 1495
248 875
248 1455
248 1504
249 313
250 1118
250 556
250 1440
250 287
250 950
250 1632
251 184
252 415
252 1448
252 730
252 1387
252 954
252 1138
253 1127
253 791
253 1614
253 265
253 199
253 1038
254 709
254 645
254 714
254 1846
255 805
256 587
256 1368
256 1931
257 1203
257 304
257 90
257 20
257 65
258 1908
259 1257
259 180
259 1661
259 161
259 1426
259 182
259 1002
259 585
259 1896
260 257
260 118
260 199
260 1506
260 1824
261 399
262 1745
262 1866
262 921
262 1480
262 447
263 137
263 856
263 1166
263 239
263 1982
263 1444
264 1165
264 1656
264 1400
264 328
264 1239
264 104
264 1333
264 1870
265 1327
265 1830
265 153
265 394
265 360
266 219
266 1380
266 117
266 1994
267 509
267 796
267 1502
267 341
267 620
268 383
268 1878
268 1866
268 837
268 768
268 291
268 513
269 833
269 1301
269 1571
269 825
269 931
270 298
270 1034
271 64
272 485
272 334
272 1033
272 1118
272 723
273 1939
274 1370
274 1483
274 1481
274 668
275 541
275 22
275 1947
275 1481
275 466
276 1952
276 1981
277 1553
277 130
277 1118
277 1154
277 1675
277 1050
278 1288
278 123
279 490
279 1101
279 187
279 1836
279 1811
279 1893
280 39
280 1056
280 1682
280 973
280 289
280 313
281 315
281 431
281 525
281 57
281 1490
282 1326
282 1671
282 139
282 1982
283 658
284 1184
284 402
284 1824
284 1732
284 636
285 1377
285 616
285 1262
285 1152
285 736
285 1789
285 1792
285 951
286 612
286 1292
286 1513
286 1018
286 1834
287 1577
287 1770
287 558
287 868
287 1459
287 344
288 652
288 886
289 4
289 743
289 1120
289 631
289 145
289 370
290 1735
290 1420
290 860
290 576
290 696
290 256
291 1468
291 1602
291 1353
291 1152
291 1563
291 501
291 1343
292 401
292 1807
293 1890
294 1055
294 1770
294 1459
294 228
294 149
294 1869
294 1981
294 1654
294 1797
294 998
294 153
295 1400
296 176
297 1690
297 591
298 1446
298 1795
299 312
299 1458
299 714
299 1940
300 1249
300 495
300 1718
300 845
300 1443
301 1377
302 105
303 1558
304 1760
304 1410
304 242
304 820
304 646
304 81
305 1683
305 102
306 955
307 294
307 934
307 227
307 430
307 1637
307 1729
307 392
308 404
308 293
309 1223
309 1917
309 1803
309 236
310 1251
311 698
312 946
312 575
312 1212
312 1156
312 1300
313 1559
313 993
313 1166
313 1109
313 1377
314 747
314 1604
314 1087
314 990
315 1177
315 1678
315 542
315 1988
315 590
315 871
316 1832
316 1902
316 811
316 765
316 1834
317 754
317 1877
317 1396
317 773
317 1175
317 1155
317 798
318 1429
318 286
318 819
318 1788
318 456
318 822
318 682
319 1344
320 482
320 690
321 311
321 656
322 9
323 1540
323 661
324 953
324 864
324 1590
324 847
324 1183
325 587
325 279
325 1520
325 1018
326 1150
326 1177
326 1529
326 1594
326 541
326 165
327 849
327 132
327 679
327 1556
327 486
327 292
327 1463
327 717
327 1766
327 833
327 942
328 119
328 560
328 1779
328 1466
328 809
328 1245
328 1855
328 676
329 350
329 1187
329 420
329 1940
329 1169
329 1109
330 566
330 239
330 1044
330 1679
330 1474
330 209
330 455
331 1117
332 1332
332 48
333 745
334 807
335 220
336 1119
336 363
336 1772
336 1995
336 1711
336 1921
337 87
337 1132
337 142
338 662
338 1231
338 931
338 1878
338 1095
339 314
340 1893
340 1603
340 598
340 257
340 1957
341 1814
342 1546
342 763
342 644
342 1710
343 1487
343 1594
343 1677
343 360
343 1839
344 1720
344 1835
344 1373
344 1260
344 1589
345 1659
345 1178
345 1976
345 540
345 626
346 1163
347 343
347 773
347 1221
347 1514
347 360
347 1559
347 24
347 1068
347 1765
347 413
347 58
348 1573
348 1970
348 779
349 639
350 371
350 43
350 1950
350 1548
350 151
351 1740
352 106
352 1530
352 1038
352 1464
352 1490
353 42
353 1241
354 143
354 1996
354 1678
354 1497
354 571
354 490
355 1513
356 1990
356 329
356 1221
357 22
358 205
359 1662
359 5
359 251
359 43
359 1418
360 236
360 1288
360 1621
361 1469
362 1868
362 1445
362 1737
362 1930
363 1599
363 838
363 1728
364 1280
364 171
365 1580
366 27
367 92
367 1603
367 17
367 1099
367 864
367 629
368 1250
368 1434
368 1266
368 888
368 475
369 1157
369 95
369 909
369 636
370 146
370 477
370 413
370 1337
370 707
371 1728
371 1979
371 42
371 1917
371 588
372 870
373 785
373 788
373 1992
373 1896
373 987
374 216
375 517
375 12
375 898
375 40
375 1219
375 278
375 1037
376 1386
376 1414
376 884
376 722
376 943
376 643
376 197
377 1251
377 576
377 1422
377 965
377 1071
377 1808
377 11
377 1346
377 1005
377 877
378 1316
378 1321
379 1366
379 1533
379 466
379 1189
380 74
380 338
380 1368
380 1028
380 1007
380 371
381 1514
382 344
383 903
383 466
384 427
384 1884
384 1793
384 913
384 587
384 700
385 1442
385 488
385 960
385 650
385 1367
385 1785
386 1042
387 897
387 438
387 464
387 1961
387 228
387 1193
388 913
389 77
389 1232
389 1464
389 1691
389 1665
390 1773
390 1123
390 813
390 475
390 186
391 464
391 603
391 1697
391 0
391 501
391 573
391 539
392 592
392 1370
393 581
393 78
393 1053
393 1291
393 1946
393 755
394 571
394 1307
394 1587
394 1422
394 358
394 628
395 375
396 1533
397 1514
397 87
397 179
397 377
397 1358
397 252
397 1837
398 1283
398 1344
398 1869
398 447
398 127
398 1851
398 215
398 400
399 621
399 1171
399 701
399 858
399 158
399 448
400 865
400 1415
400 1758
400 1884
400 1361
400 977
401 679
401 1320
402 1478
402 1936
402 1598
402 403
402 1433
403 1906
403 1202
403 780
403 176
403 1641
403 1572
404 92
405 549
405 797
405 626
406 562
406 125
406 1599
406 205
407 1871
407 1848
408 15
409 1791
409 820
409 1339
409 1771
409 1455
409 913
410 525
410 1562
410 74
410 90
410 663
410 547
411 149
411 681
411 193
411 1104
411 99
411 1017
411 636
411 301
412 1870
413 1983
413 419
413 356
413 111
413 1515
413 236
414 1282
414 970
414 532
414 1881
414 1111
415 1519
415 1047
415 1601
416 1464
416 1006
416 1117
416 1013
416 1127
417 1868
417 1650
418 1744
418 862
418 923
418 769
418 1531
418 1759
418 475
418 1843
419 1540
419 350
419 357
419 1552
419 1462
420 388
421 1871
421 257
421 817
421 1614
421 1272
421 1192
422 507
423 92
423 1208
424 1146
424 1200
424 821
424 1916
424 112
425 1981
425 884
425 1577
425 1266
426 165
426 793
426 941
426 304
427 1691
427 1808
427 157
427 1196
427 1316
427 1612
428 1265
428 19
428 142
428 1716
428 1900
428 847
429 643
430 1030
430 426
431 1529
431 1808
431 901
431 1774
432 1095
432 1879
433 1751
434 52
434 1059
434 421
434 319
435 1564
435 1082
435 470
435 1089
435 1213
435 1225
436 1061
437 308
437 799
437 393
437 1600
437 1585
438 1956
438 879
438 113
438 645
438 1164
438 872
439 486
439 1906
439 975
439 781
440 1219
440 1876
440 1863
440 1863
441 996
441 996
441 1555
441 866
441 688
441 539
442 1672
443 1848
443 449
444 1426
444 1491
444 1650
444 279
444 1166
444 1860
445 1806
445 1456
445 1393
445 803
446 1978
446 734
446 206
446 810
446 448
447 552
447 523
447 1812
447 347
448 1245
448 209
448 153
448 1582
448 659
448 202
449 1489
449 1704
449 110
449 1147
450 378
450 213
450 68
450 21
450 1619
450 919
450 1635
450 180
450 1857
450 1478
450 1686
451 1604
451 1171
451 387
451 1157
451 682
451 1872
451 711
451 1990
452 1214
452 1153
453 902
453 836
453 742
453 1253
453 1330
453 372
453 706
453 1047
453 701
454 1013
454 1763
454 1767
454 1650
454 1224
454 707
454 1068
455 366
455 1660
456 404
456 1553
456 1825
456 1176
456 83
457 398
457 1572
458 1932
458 719
458 1280
458 280
458 1403
458 1624
459 1194
459 943
459 266
459 310
459 1576
460 805
460 35
460 1405
460 430
460 1694
460 1850
461 1910
461 1658
461 660
461 1992
461 1196
461 498
462 1249
462 1774
462 523
462 454
462 926
462 665
462 879
462 1072
463 1470
464 1318
464 1242
464 1608
464 1694
464 1857
465 1510
465 1012
465 837
465 911
465 1631
466 300
466 250
466 242
466 1132
467 615
467 399
467 543
467 404
467 1979
467 610
468 710
468 580
468 399
468 1235
468 1749
469 845
469 1783
469 1265
469 820
469 1861
470 491
470 952
470 1032
470 1631
470 301
471 1955
471 77
472 206
473 93
474 1500
475 714
475 1297
475 110
475 851
476 1781
477 1587
478 1291
478 1124
478 1087
478 1129
478 127
478 1143
478 360
479 1082
480 1657
480 858
480 1008
481 1423
481 1646
482 215
483 820
484 1080
484 1368
484 781
484 1538
484 438
484 1091
484 1882
485 1214
485 1252
486 1708
487 398
488 808
489 1063
489 128
489 1636
489 1118
489 692
489 1920
489 1695
489 1627
489 1712
489 833
489 1445
490 722
490 1772
490 298
491 1765
491 304
491 31
491 1966
492 1625
493 522
493 463
493 1517
493 433
494 105
495 880
495 1471
495 1373
495 288
496 1430
496 1659
496 1030
496 1092
496 1862
497 1321
497 21
497 832
497 71
497 1267
498 505
498 1680
498 1598
498 541
498 1234
498 1189
498 1589
499 502
499 1841
499 805
499 541
499 575
500 908
500 898
500 1887
500 763
500 1803
500 437
501 473
501 1060
502 1994
502 144
503 205
503 95
503 1028
503 1541
503 1728
503 1036
504 1717
504 130
504 1472
504 1260
504 1799
504 1791
505 1191
505 1824
505 132
505 793
505 1019
506 1106
506 998
506 1888
507 1669
507 539
507 1793
507 331
507 29
507 220
508 1776
508 1031
508 1564
508 555
509 1814
509 132
509 1731
509 782
509 1938
509 264
509 343
510 1520
510 1492
510 241
510 340
510 1275
510 1462
510 275
510 1459
511 1962
511 1155
511 736
511 1428
511 1762
511 277
512 1211
512 995
513 1107
513 1979
513 1806
513 1742
513 52
513 1925
513 1675
513 1815
514 151
514 1446
514 313
514 1450
514 165
514 1532
515 1300
515 1458
516 854
516 1424
516 316
516 1270
516 1905
516 331
517 1353
517 772
518 1998
518 679
519 375
519 1243
519 1179
519 227
519 1441
519 323
519 347
520 1119
521 1506
521 1742
522 260
522 1000
522 341
523 1999
523 1819
523 1710
524 1431
524 1653
524 596
524 1262
525 870
525 1262
525 1753
525 1118
526 486
526 533
526 929
526 812
526 199
527 11
527 510
527 1784
527 441
527 1236
527 391
527 1250
527 1664
527 220
528 1093
528 1504
528 1861
528 1957
528 1684
529 963
529 550
529 1017
530 183
530 1581
530 1494
530 666
530 1069
530 1031
531 992
532 123
532 1561
532 15
532 1895
532 445
533 1533
533 433
533 1434
533 1476
533 1642
533 356
533 1869
534 782
534 49
534 93
534 544
534 1212
534 710
534 1845
535 554
535 1281
535 255
535 1610
535 1022
535 558
535 306
535 1383
536 787
536 248
536 1827
536 1052
536 1009
536 657
536 522
536 72
536 1231
536 1906
536 334
537 1416
537 75
537 1431
538 1444
538 1334
538 1817
538 589
538 386
538 1669
539 1474
540 921
540 1869
540 113
540 1809
540 452
540 1469
541 906
542 369
542 1625
542 1684
542 492
542 1724
542 1133
542 1791
543 1727
543 950
543 1239
543 1805
543 1864
544 1592
544 213
544 1332
544 155
544 396
544 1914
545 1796
546 1184
546 1674
547 423
547 575
547 202
547 1074
548 1410
548 1048
548 1287
548 1694
548 1005
549 714
549 510
549 502
549 1900
549 564
549 1870
550 367
550 1181
550 1802
550 1347
550 154
550 1518
551 1659
551 828
551 246
552 1187
552 243
552 1428
552 780
552 1371
552 1290
553 553
553 45
553 788
553 241
553 868
554 1103
554 1989
554 1677
555 493
555 113
555 1518
555 434
555 1198
556 555
556 534
556 1233
556 1356
556 986
556 1893
556 772
556 1010
556 1349
557 687
557 1847
557 717
557 412
557 1687
557 266
557 997
557 1713
557 1611
557 191
557 501
558 1990
558 1610
558 1956
558 1363
558 1172
559 1124
560 959
560 563
560 1897
560 1292
560 1727
561 1454
561 84
562 829
563 257
563 1570
563 1519
563 366
563 960
563 453
564 1724
564 36
564 735
564 1844
564 1372
564 108
564 1719
564 88
565 1664
565 1004
565 673
565 1614
565 980
566 801
566 86
566 604
566 1743
567 1920
567 48
567 176
567 1317
567 1371
568 1521
568 348
568 419
568 431
568 1960
568 633
568 1349
568 771
569 1936
569 880
569 1878
569 911
569 399
569 1630
569 497
569 1664
569 624
569 213
570 1487
570 664
570 1949
570 1109
570 0
570 661
570 996
570 1253
570 1220
570 756
571 1894
572 1513
572 646
572 1980
572 547
572 213
572 1567
572 1904
573 1276
573 1988
573 903
573 1750
573 266
573 174
574 1487
574 952
574 773
574 1543
574 321
574 442
575 416
575 1788
576 1794
577 608
577 630
578 1419
578 267
578 1096
578 1839
578 1167
578 1662
579 66
580 1609
580 1609
580 1663
580 1768
580 355
580 795
580 744
581 845
581 1464
581 347
581 632
581 552
582 1124
582 562
583 1188
583 1121
583 981
583 735
583 396
583 980
584 617
584 1902
585 977
585 737
585 666
585 1236
585 710
586 337
587 1810
588 1287
588 1620
589 809
589 666
589 1621
589 435
590 1932
591 1148
591 1008
591 47
591 1020
591 597
591 1964
591 1346
591 1610
591 1797
591 1443
591 718
592 1530
592 1047
593 635
594 1351
594 1982
594 207
594 161
594 1030
594 1447
594 481
594 1292
595 1881
595 49
595 609
596 292
597 1048
597 1896
597 652
597 152
597 17
597 1766
598 1990
599 659
599 135
599 1907
599 254
599 1127
599 246
600 654
600 17
600 1620
600 530
600 1786
600 27
601 1724
602 686
602 1331
602 895
602 1744
602 775
602 715
603 102
603 911
603 1461
603 1093
603 491
603 1770
604 1982
605 542
605 1974
605 1130
605 998
605 1353
606 1598
606 732
607 875
607 1090
607 727
607 439
607 339
607 1221
607 931
607 180
607 637
607 1108
608 1697
608 1465
608 1349
608 1134
608 1800
609 3
609 360
609 1267
609 1443
609 747
609 1117
610 782
610 136
610 670
610 1728
611 126
611 1326
612 886
612 1666
612 576
612 1618
612 1395
612 906
612 422
613 995
613 232
613 1311
613 1837
614 1721
615 1151
615 682
615 1519
615 1777
615 1288
615 192
615 93
615 1879
615 1813
615 1297
616 1465
616 903
616 1562
616 174
617 1679
617 1070
617 123
617 1067
618 653
618 160
618 192
618 1377
618 1703
618 1723
619 509
620 1781
620 550
620 1070
620 264
620 849
620 681
620 153
620 1089
620 531
620 1168
621 1051
621 909
622 1479
623 918
623 163
623 1631
623 1101
623 1699
623 1992
623 1067
624 1699
624 1319
625 424
625 625
626 829
627 227
627 18
627 1133
627 1354
627 594
627 282
627 1255
627 186
627 866
627 452
628 147
629 196
629 1275
629 1889
629 240
629 1444
629 1022
629 1582
629 1747
629 1187
630 778
630 985
630 1686
630 739
630 760
631 427
632 555
632 1343
632 1232
632 1024
632 1454
633 986
633 1155
633 1924
633 1720
633 368
633 1487
633 222
634 1713
634 710
634 1936
634 893
634 1412
634 137
634 1523
635 437
636 1903
637 1553
637 479
637 89
637 1736
638 1646
639 1606
639 1110
639 686
639 730
639 1065
640 1027
641 1517
641 1740
641 1151
641 1459
641 790
642 20
642 418
642 1457
642 1789
642 1168
642 77
642 786
643 982
643 1968
643 87
643 1539
643 765
643 137
643 234
643 454
643 750
643 824
644 270
644 1941
644 1257
644 1402
644 93
644 953
644 141
644 634
644 1662
645 1289
645 1905
645 1889
645 1370
645 1000
645 1423
646 823
647 1546
647 1864
647 270
648 1334
648 831
649 1639
649 897
650 1598
650 441
651 66
652 863
652 665
653 655
653 1528
653 1531
653 539
653 320
653 322
653 537
653 1857
653 18
654 1765
655 159
655 360
656 689
657 1710
657 1638
657 1318
657 415
657 7
657 1935
658 1730
658 856
658 170
658 1620
658 823
658 1662
659 93
659 736
659 392
659 293
659 1930
659 1562
659 712
659 774
660 1183
660 966
660 1759
660 1615
660 1542
660 617
661 209
661 1510
661 1099
661 302
662 1556
662 457
663 376
663 1707
663 382
663 1925
664 1564
665 1728
666 1949
667 1535
668 901
668 1270
668 765
668 1384
668 1100
668 1247
668 892
668 630
668 1923
668 265
669 1119
670 811
670 1359
670 444
670 1874
670 1911
670 566
671 853
672 938
672 389
672 280
672 554
672 1598
672 1190
673 460
673 1960
673 644
673 1564
673 524
673 123
674 1335
674 30
674 440
674 1183
674 777
675 105
675 760
675 464
675 1805
675 495
676 1681
676 984
676 1261
676 1722
676 30
676 329
676 1393
677 1976
677 1335
677 440
677 227
677 1993
678 1079
678 730
678 106
678 607
678 547
678 1999
679 470
679 1123
679 80
679 1941
679 1567
679 1798
680 1059
681 1805
682 366
682 251
682 1182
682 810
682 1900
682 760
683 1366
683 1249
683 1583
683 1656
683 216
684 597
684 1335
684 967
684 1697
684 967
684 1567
685 1614
685 911
685 1823
685 988
685 318
686 59
686 1305
686 1765
686 1226
686 1527
686 784
687 1824
687 426
687 397
687 1101
688 1266
688 1259
688 1321
688 1905
688 1348
689 152
689 6
689 608
689 1458
689 1320
690 226
690 314
690 1257
690 1023
690 499
690 1144
691 1436
692 891
692 966
692 1411
692 36
692 1256
693 828
693 384
693 1232
693 304
693 1905
694 1242
694 572
694 1383
694 342
694 184
695 478
695 1078
695 1739
695 1378
695 1222
695 1196
696 846
697 386
697 745
698 1309
698 444
698 1502
698 323
698 981
699 1932
699 1664
699 356
699 849
700 1662
700 623
701 1726
701 1246
701 1138
701 1639
701 1769
701 1146
702 1371
702 376
702 434
703 1430
704 105
704 349
704 698
704 276
704 67
704 1260
705 83
705 963
705 331
705 309
705 527
705 1258
706 1219
706 1471
706 741
706 1021
707 830
707 1484
707 453
707 1420
707 1080
707 271
708 931
708 1238
709 1735
709 1088
709 908
709 1582
709 1431
709 100
709 955
709 1387
709 112
710 1744
710 1338
710 440
711 537
711 476
711 96
711 420
711 83
711 1238
711 885
712 575
713 120
713 1480
713 301
713 203
713 192
713 181
714 270
714 159
714 875
714 982
714 1326
714 871
715 1454
715 1369
715 1810
715 730
715 776
715 528
716 1836
717 1277
717 1725
717 1288
717 2
717 382
717 1640
718 1659
718 1478
718 1190
718 1521
719 372
720 622
720 483
720 1304
720 1130
721 427
721 1979
721 1556
721 1489
721 222
721 509
721 1753
722 522
723 91
723 69
724 619
724 104
725 1049
725 1596
725 1605
725 1691
725 1891
725 1066
725 55
725 1482
725 1290
725 193
726 840
727 1776
727 372
728 1898
729 190
729 1334
729 1769
729 329
730 1074
731 723
731 746
731 425
731 56
731 1242
732 800
732 1697
732 119
732 397
732 1987
732 1868
732 75
732 1607
732 985
732 70
733 312
734 234
735 1874
735 1729
736 542
737 1676
737 423
737 427
737 330
737 1298
737 1299
738 125
739 173
739 560
739 1888
739 1032
739 1225
739 772
739 1008
739 1854
740 372
741 355
741 1523
742 1999
742 1027
742 899
742 1645
742 1741
742 431
743 174
743 1948
743 1681
743 793
743 1068
743 856
744 1425
744 1479
744 903
744 103
745 1278
745 958
745 1528
745 376
745 1337
746 535
746 209
746 1046
746 1557
746 559
747 1689
748 1914
748 1049
748 382
748 58
748 1835
748 657
749 40
749 409
749 1347
749 749
750 10
750 1202
750 339
750 1562
750 952
750 61
751 928
751 400
752 1771
753 817
753 1022
753 249
753 329
753 200
753 68
754 196
754 1311
754 657
754 960
755 1001
755 1408
756 1240
756 875
756 1585
756 688
756 1674
756 1810
757 1567
758 786
758 30
758 1217
758 914
759 225
759 280
759 1296
759 1765
759 234
759 1247
759 992
760 217
760 608
760 1601
761 703
761 916
762 1430
762 975
762 1886
762 715
762 204
762 1905
762 485
762 389
763 1211
763 798
763 1307
763 1060
763 138
764 1620
764 820
764 204
764 1135
764 402
765 1845
765 1936
765 214
765 176
766 1927
766 572
766 1549
766 745
766 1818
766 611
766 181
767 1211
768 1760
768 1664
768 629
768 1802
769 679
770 1932
770 402
770 115
770 1411
770 1036
770 688
771 90
771 1171
771 405
771 1030
772 1796
772 1521
773 902
773 728
773 25
773 732
773 477
773 497
774 1634
775 1935
776 448
777 1661
778 959
779 212
779 216
779 610
779 383
779 1673
780 1454
781 1409
781 1769
781 1743
782 1930
782 1844
782 1133
782 631
782 1893
782 1934
783 1057
783 1853
784 1014
784 1274
784 792
784 1063
784 1748
784 318
784 1471
784 917
784 1460
784 701
785 1722
786 948
786 1482
787 523
787 1512
787 1785
787 960
787 1270
788 1223
788 1152
789 121
789 706
789 623
789 1904
789 1838
789 1655
790 1604
790 833
790 1704
790 1888
790 1543
790 1498
791 507
791 988
791 1618
791 846
791 894
791 577
791 1664
791 1974
791 1042
792 1293
793 1637
793 1146
793 538
793 1413
793 1903
794 384
795 349
795 79
795 1630
795 344
795 969
795 698
795 473
795 315
795 1973
795 1752
796 1013
796 1043
797 1577
797 764
797 368
797 271
798 635
798 858
798 296
798 1718
799 855
799 1445
800 1199
801 917
802 654
802 1025
803 407
803 103
803 57
803 1027
803 309
804 1065
804 176
804 1113
804 87
804 1041
804 1962
804 1830
804 762
805 1646
806 83
806 1717
807 961
807 175
807 1966
807 360
807 290
807 972
807 854
807 1866
808 362
808 1290
808 1724
809 6
809 612
810 743
811 1553
811 414
811 1788
811 378
811 128
811 1023
811 1760
812 794
812 916
812 1526
812 1165
813 1646
814 506
815 892
816 1296
816 635
816 791
816 490
817 1170
818 821
819 906
819 211
819 1407
819 517
819 742
819 431
819 766
820 524
820 196
820 299
820 764
820 578
820 843
820 1003
820 1144
821 1336
822 68
823 1788
824 759
824 1927
824 1124
824 1630
824 1060
825 428
825 14
825 1825
825 1902
826 1228
827 1624
827 728
827 1420
827 8
827 1232
827 1922
828 207
828 1828
828 711
828 1005
828 1714
829 1639
830 358
831 247
831 571
831 413
831 599
831 444
831 234
831 752
831 427
832 1376
832 188
833 659
833 622
834 1290
834 976
834 1981
834 1100
834 1369
835 104
835 1644
835 991
835 1664
835 723
835 694
835 252
835 1111
835 249
835 629
836 1905
837 1616
837 1534
837 825
837 1371
838 891
838 1693
838 349
839 1043
839 1118
839 334
840 195
840 183
840 1717
841 581
841 1447
842 1654
842 1698
842 852
842 85
842 193
842 337
842 1210
842 785
842 967
842 142
843 1601
843 1716
843 931
843 1298
843 709
843 1036
844 1254
844 642
844 710
844 783
844 1757
845 920
845 855
845 1575
845 266
845 1683
846 1743
847 1118
848 625
849 1884
849 1384
849 1858
849 1977
850 746
850 1827
850 455
850 1336
850 130
850 732
850 651
850 59
850 1116
850 469
851 1259
852 1393
852 516
852 1827
852 1813
852 1068
852 832
853 1678
854 171
855 1841
855 168
855 271
855 374
855 329
855 614
855 1647
856 1518
857 843
858 1796
858 1945
858 612
859 1387
860 1575
860 890
860 1447
860 612
860 1334
860 415
861 1326
861 1297
862 1770
863 1765
863 548
863 1197
863 1183
864 1025
864 1457
864 442
864 280
865 396
865 350
865 894
866 327
866 231
866 63
866 1829
866 1274
866 500
867 1373
867 1038
867 1151
868 403
869 794
869 1151
869 1993
869 250
869 1354
869 1902
869 421
869 749
869 712
870 947
870 1967
870 949
870 1039
870 1278
870 295
870 4
870 1682
870 565
870 28
871 513
872 1867
872 1874
872 1409
872 198
872 573
873 1160
873 919
873 856
873 1388
873 1137
873 574
874 1503
874 42
874 822
874 1480
874 1712
874 604
874 407
874 585
874 279
875 558
875 543
875 101
875 1040
875 321
875 1893
875 385
875 1598
875 1827
876 100
876 1893
876 1810
876 1664
877 204
877 613
877 470
877 1279
877 35
878 831
878 1763
878 1771
878 258
879 1785
879 1855
879 1862
879 308
879 1139
879 1111
879 602
879 882
879 1141
880 1818
880 550
881 1224
881 826
881 1684
881 1168
881 723
882 1875
883 1046
884 1407
884 1999
884 247
884 1533
884 1030
884 1576
885 1379
885 1868
885 1028
885 697
885 69
885 88
886 762
886 1622
886 1203
886 1908
887 254
887 1305
887 1389
887 1830
887 873
887 427
887 880
888 485
888 237
888 713
888 1404
888 1412
888 1669
889 1296
890 1234
890 1574
890 579
890 1515
890 384
890 686
890 1748
890 1578
891 700
891 1918
891 1691
891 0
891 1542
892 1040
892 858
892 840
893 182
893 1292
893 987
893 1888
893 669
894 1065
894 582
894 1515
894 1292
895 1958
895 162
895 316
895 927
895 571
896 66
896 1562
896 919
896 1706
896 583
896 1385
896 262
896 1559
896 374
897 1319
897 1670
898 533
899 1916
899 1245
899 233
899 1766
900 542
901 1364
901 300
901 299
901 1325
902 1065
903 1652
904 603
904 1904
904 612
904 563
904 1106
904 1874
905 1224
906 1917
907 897
907 1903
907 615
907 1722
907 1632
907 1586
908 1508
909 1656
909 1372
909 1994
909 1372
909 796
909 1105
909 214
909 119
909 1351
909 992
910 463
910 882
910 1554
910 155
911 1645
912 1011
912 435
912 1752
912 707
912 1924
912 1560
912 1043
912 1317
912 797
913 299
914 1072
915 1250
915 1466
915 1152
915 550
915 519
916 1426
916 46
916 754
916 173
917 859
917 718
917 595
917 1972
917 620
918 1427
918 725
919 318
919 1031
919 1240
919 1795
919 943
919 1089
919 586
919 59
919 871
919 1241
920 721
920 1510
921 1864
921 1050
921 934
922 784
922 443
922 1101
922 1139
923 1247
923 1666
923 508
923 544
924 302
925 1653
925 1384
925 1637
925 923
925 636
926 1337
926 460
926 652
926 1483
926 1203
926 888
927 430
927 737
928 137
929 927
929 694
929 200
929 1767
929 1875
929 971
929 1462
930 644
931 612
932 1633
932 1642
932 335
932 741
933 780
934 1021
934 969
934 909
934 42
934 860
934 1156
935 1852
935 1527
935 1161
935 551
935 154
935 1546
936 403
936 1462
936 1442
936 315
936 1909
937 1951
938 1148
938 1711
938 591
938 1707
938 1745
938 1840
939 847
939 487
940 1686
940 1598
940 1194
940 636
941 515
941 350
941 1295
941 92
941 460
941 673
942 1205
942 567
942 1658
942 422
942 767
942 1309
943 1549
943 479
943 1704
943 528
943 122
944 1772
944 169
944 179
945 899
945 629
946 814
947 1626
948 1131
949 456
949 1869
949 764
949 250
949 527
949 1235
949 226
949 1188
949 791
949 1640
950 1712
950 447
950 1145
950 1466
950 1436
950 149
951 708
951 164
951 1457
951 239
951 1729
951 1562
951 1676
951 270
951 1226
952 1901
952 1019
952 1086
952 72
952 1123
952 1853
953 1666
953 1556
953 5
954 1231
955 996
956 326
956 754
957 165
958 260
958 287
958 591
958 519
959 1187
960 1113
960 1497
960 169
960 711
960 1871
960 1751
961 1724
961 219
961 287
961 1662
961 758
962 1550
962 1617
963 1127
963 625
963 356
963 563
964 968
965 232
965 1513
965 1595
965 1435
965 462
966 71
966 769
966 845
966 753
966 1356
967 1674
967 1018
967 26
967 632
967 150
967 1858
967 769
967 1207
967 1808
968 342
968 1007
968 1119
968 1931
968 1351
968 1872
969 1146
969 1864
969 1310
969 675
969 1402
969 1445
969 351
969 1992
969 1516
970 1366
971 1325
972 176
972 1362
972 1334
972 1017
973 1445
973 1490
974 533
974 151
974 811
974 295
974 1264
975 139
976 171
976 919
976 758
976 921
977 356
977 372
977 1627
977 1445
977 880
977 1841
977 696
978 782
978 1938
978 1401
978 1347
978 1321
978 1434
979 1234
980 1098
981 1116
981 394
981 1300
981 1364
982 1805
982 1240
982 1057
983 1883
983 1119
984 598
985 514
986 939
986 415
986 1452
986 850
986 122
986 139
987 1631
987 564
987 114
987 752
987 1728
987 744
987 945
987 336
987 654
988 404
988 704
988 806
988 603
988 1622
989 1125
989 1928
989 1391
989 675
989 469
989 1767
989 931
989 1210
989 743
990 124
991 228
991 152
992 1535
992 1165
992 1352
992 336
992 289
992 382
992 1144
992 1352
993 1039
993 1471
994 682
994 739
994 1677
994 1321
995 954
995 1761
995 351
995 237
996 4
996 35
997 1057
997 762
997 955
998 1914
998 1629
998 142
998 309
998 1587
998 1983
999 1213
999 979
999 1833
999 1742
999 1836
999 535
1000 1220
1000 980
1000 1693
1001 1595
1001 184
1001 548
1001 110
1002 673
1002 1531
1002 1672
1002 444
1002 939
1002 1744
1003 295
1003 636
1003 1695
1003 31
1003 70
1004 99
1004 460
1004 962
1004 1320
1005 1683
1006 872
1007 354
1007 1723
1007 1377
1007 931
1007 25
1008 444
1009 710
1010 133
1010 850
1010 826
1010 1450
1010 1851
1011 655
1012 1397
1012 802
1012 860
1012 1876
1012 576
1013 1060
1014 171
1014 1013
1014 1653
1014 1717
1014 757
1014 1544
1015 1408
1015 1561
1016 1999
1016 1444
1016 885
1016 984
1017 673
1017 1269
1017 123
1017 351
1018 1416
1018 1626
1019 1990
1019 918
1019 803
1019 1785
1020 1605
1020 509
1020 1550
1020 585
1020 451
1020 164
1021 999
1021 667
1022 1875
1023 1186
1023 842
1023 1485
1023 296
1023 1742
1023 1890
1024 702
1024 1986
1025 504
1025 496
1025 953
1025 168
1025 1417
1025 128
1025 531
1025 528
1025 39
1025 1048
1026 387
1027 358
1027 1866
1027 1201
1027 12
1027 649
1028 1828
1028 1464
1028 326
1028 1569
1029 392
1030 1855
1030 730
1030 604
1030 962
1030 654
1031 197
1031 1531
1031 1349
1031 78
1031 1958
1031 1210
1031 1387
1032 131
1033 167
1033 1787
1033 994
1033 1653
1033 859
1033 1412
1034 1875
1035 1751
1035 1688
1035 857
1035 1120
1036 984
1037 819
1038 898
1038 760
1039 1213
1039 1445
1040 715
1041 277
1042 1459
1042 230
1042 865
1042 786
1042 1681
1043 795
1043 522
1043 1299
1043 1417
1043 153
1043 79
1043 1506
1043 1345
1043 1906
1044 1904
1044 1670
1044 505
1044 297
1044 291
1045 1548
1045 1514
1045 1241
1045 587
1045 1959
1045 1615
1045 1472
1045 1941
1046 1658
1046 365
1047 270
1048 281
1048 427
1048 515
1048 893
1048 1294
1048 503
1048 67
1048 211
1048 1967
1048 445
1049 582
1049 832
1049 1260
1049 142
1049 1098
1050 1352
1051 1089
1051 1743
1052 1835
1052 1058
1053 143
1053 1372
1053 1125
1053 1475
1053 1775
1053 1888
1054 182
1054 547
1054 1471
1054 256
1054 1265
1054 1774
1055 409
1056 994
1056 1701
1056 635
1057 1841
1058 148
1058 1895
1058 1659
1058 1469
1058 629
1058 1286
1058 313
1058 355
1058 210
1059 1552
1060 1003
1060 471
1060 430
1060 1563
1060 768
1061 65
1062 1625
1062 1062
1062 400
1062 1258
1062 1969
1063 600
1063 352
1064 1651
1064 1154
1064 252
1065 1
1066 63
1067 153
1068 1330
1068 1888
1068 732
1068 960
1068 892
1069 127
1070 1235
1070 1996
1070 561
1070 1914
1071 1946
1071 422
1071 742
1071 794
1071 702
1072 1578
1072 965
1072 881
1072 1128
1072 492
1073 1111
1073 837
1073 171
1073 1139
1073 1515
1073 1949
1073 1531
1073 1392
1074 328
1074 1129
1075 858
1075 621
1075 1971
1075 497
1075 458
1076 1004
1077 949
1077 770
1077 1418
1077 266
1078 1545
1078 1753
1078 175
1078 1000
1078 452
1079 1434
1079 331
1079 430
1079 1327
1079 1131
1080 1427
1080 1850
1081 1958
1081 43
1081 1760
1081 1514
1081 473
1081 942
1082 332
1083 1270
1084 1136
1084 1809
1084 1147
1084 1187
1084 544
1084 953
1084 570
1084 273
1085 627
1085 1393
1085 1584
1086 950
1086 1136
1087 1453
1087 1513
1088 103
1088 899
1088 1383
1088 1752
1088 1822
1088 578
1088 1947
1089 144
1089 1947
1089 556
1089 1284
1089 1457
1089 1302
1089 836
1090 1027
1091 262
1091 1187
1091 139
1091 1878
1091 954
1092 1420
1092 1541
1092 971
1092 334
1092 1238
1092 920
1092 726
1093 1971
1093 1521
1093 948
1093 1805
1093 963
1093 1408
1094 366
1094 168
1095 521
1096 1244
1096 138
1096 978
1096 1586
1096 101
1096 174
1097 424
1098 1005
1098 1211
1098 778
1098 1156
1099 1761
1099 157
1100 278
1100 1078
1100 852
1100 1788
1100 1038
1101 161
1101 171
1102 149
1102 1663
1103 1279
1103 1250
1103 1758
1103 1052
1103 1246
1103 107
1103 37
1104 178
1104 1448
1104 971
1104 1139
1104 930
1104 889
1104 602
1105 68
1105 252
1105 1984
1105 1337
1105 924
1106 2
1106 893
1106 1266
1106 1707
1107 1644
1107 301
1107 619
1107 1764
1107 980
1107 485
1107 662
1107 943
1107 905
1108 794
1109 1767
1110 879
1110 447
1111 6
1111 268
1111 730
1111 891
1111 189
1112 828
1112 351
1112 298
1112 231
1112 84
1113 823
1113 1899
1113 144
1113 1680
1113 1272
1114 1177
1115 837
1115 1500
1115 567
1115 1366
1115 1642
1115 1032
1115 647
1115 375
1116 205
1116 305
1116 557
1116 112
1116 1654
1117 675
1117 1604
1117 1007
1117 1880
1117 1927
1118 1328
1119 471
1119 54
1119 1858
1119 1063
1119 1447
1119 1782
1120 181
1120 1620
1120 1423
1120 453
1121 807
1122 773
1123 237
1124 1001
1124 1033
1124 869
1124 1564
1124 1475
1125 820
1125 1277
1125 1485
1125 249
1125 687
1125 505
1126 610
1126 306
1126 1255
1126 432
1127 1289
1127 1633
1127 310
1127 159
1127 740
1127 1391
1128 837
1128 1856
1128 1614
1128 1180
1128 605
1129 681
1130 1285
1130 686
1131 1776
1131 542
1131 1098
1131 1727
1131 632
1131 1663
1132 1551
1132 629
1132 1847
1133 1426
1133 858
1133 372
1133 1711
1133 1905
1133 109
1134 1234
1134 1265
1134 1781
1134 689
1134 959
1135 1576
1135 1122
1135 1499
1135 889
1136 1732
1136 365
1136 1695
1136 804
1136 42
1136 1016
1137 1014
1138 1572
1138 915
1138 377
1138 186
1138 80
1139 1397
1140 1312
1140 1358
1140 876
1140 44
1140 1610
1140 580
1140 1580
1140 1003
1140 1576
1141 917
1142 1981
1142 1998
1143 43
1144 410
1145 1396
1146 1560
1146 811
1146 21
1146 1071
1146 165
1146 1347
1146 1333
1146 1148
1147 1618
1147 1031
1147 527
1148 328
1148 129
1148 1607
1148 675
1149 1320
1149 1847
1149 1784
1149 142
1149 1105
1149 1568
1150 127
1151 889
1151 1110
1151 493
1151 195
1151 244
1152 849
1152 130
1153 796
1154 1794
1155 1017
1156 1517
1156 626
1156 1699
1156 1837
1156 595
1156 727
1157 1924
1158 1905
1158 581
1159 1356
1159 1553
1159 1648
1159 1038
1159 759
1160 396
1161 560
1161 1458
1161 1498
1161 1211
1161 1695
1161 1017
1161 672
1161 1073
1161 107
1162 447
1163 1088
1163 1490
1163 1513
1163 1886
1163 1435
1163 214
1164 1001
1164 992
1164 1563
1164 1836
1165 256
1165 1155
1165 884
1165 1500
1165 409
1165 1140
1166 1000
1166 437
1166 625
1166 1629
1167 1776
1167 686
1167 731
1167 264
1168 1714
1168 1529
1168 37
1168 835
1168 1541
1168 1319
1168 77
1168 1605
1168 68
1169 117
1169 1092
1169 1208
1169 1715
1169 956
1169 34
1170 1590
1170 1609
1170 500
1170 236
1170 678
1171 34
1171 1758
1171 130
1171 1594
1171 505
1171 1094
1172 1556
1172 1970
1172 163
1172 1797
1172 395
1172 1710
1172 1672
1172 1254
1172 217
1173 498
1174 830
1174 859
1174 16
1174 237
1174 1744
1174 1015
1175 1777
1176 1382
1177 1255
1177 708
1178 395
1178 124
1178 497
1178 273
1178 892
1178 1580
1178 1622
1178 518
1179 17
1180 524
1180 670
1180 1545
1180 870
1180 987
1180 1182
1180 560
1181 605
1181 1832
1181 631
1181 314
1181 39
1181 333
1182 875
1182 1518
1183 156
1183 559
1183 346
1183 6
1183 427
1183 1657
1184 219
1184 1980
1185 1116
1185 1741
1185 304
1185 71
1185 1757
1185 1401
1185 1347
1185 211
1185 928
1185 1091
1186 1876
1186 212
1186 1907
1186 1779
1186 145
1186 949
1187 1600
1188 1010
1188 55
1188 1077
1188 1583
1188 110
1188 102
1188 1348
1188 251
1188 1171
1189 279
1190 613
1191 271
1192 207
1192 605
1192 489
1192 596
1192 1173
1193 1175
1193 1152
1193 294
1193 757
1193 1415
1193 1432
1193 1408
1193 42
1193 1107
1193 709
1193 968
1194 1458
1195 1025
1195 1132
1195 1160
1195 1702
1195 1777
1196 1510
1196 174
1196 1995
1197 1348
1197 231
1197 224
1197 433
1197 1009
1197 1378
1198 388
1198 1885
1198 1281
1198 263
1198 1713
1198 1074
1199 1214
1199 1856
1199 1145
1199 224
1199 1888
1199 874
1199 1457
1199 1032
1199 1789
1199 621
1200 879
1200 1337
1200 1798
1200 219
1201 927
1201 806
1201 1210
1201 1491
1201 745
1201 1482
1201 1422
1201 1963
1202 1228
1202 1529
1202 930
1202 1205
1202 56
1203 581
1204 1788
1204 148
1204 821
1204 955
1204 740
1204 1833
1205 1320
1205 1376
1205 18
1205 1487
1205 583
1205 1622
1206 1973
1206 1853
1207 270
1207 1103
1208 386
1208 753
1209 1298
1209 1916
1209 285
1209 1934
1209 758
1209 995
1210 1744
1211 127
1211 1555
1211 356
1211 1629
1211 1127
1211 1063
1211 288
1211 137
1211 135
1212 1869
1213 1798
1213 292
1214 754
1215 1070
1215 1015
1215 1220
1215 1864
1216 1434
1216 740
1217 215
1217 220
1217 1593
1217 1521
1217 1705
1217 1655
1217 152
1217 1292
1217 710
1217 1418
1218 1671
1218 1735
1218 745
1218 330
1218 1232
1219 730
1219 720
1219 1178
1219 39
1219 1359
1219 8
1219 1568
1219 147
1220 1601
1220 1610
1220 1170
1220 1792
1220 928
1220 757
1220 630
1220 251
1221 1363
1222 1571
1223 1137
1223 1522
1223 1284
1223 329
1223 1261
1224 679
1224 452
1224 70
1224 1145
1224 613
1224 643
1224 672
1225 64
1225 1127
1225 89
1225 467
1225 498
1225 853
1225 932
1226 1936
1226 533
1226 1559
1226 812
1226 1421
1226 1722
1226 630
1226 77
1226 1185
1226 1720
1227 977
1227 1578
1227 1881
1227 1409
1227 1275
1227 1966
1227 1330
1227 1839
1227 1492
1228 1381
1229 114
1229 1510
1229 226
1229 1033
1229 1056
1229 957
1229 818
1230 653
1231 1570
1231 270
1232 1233
1232 1545
1232 649
1232 1436
1232 1094
1233 700
1233 996
1233 696
1234 228
1234 203
1234 1335
1234 1498
1235 1661
1235 1722
1235 1211
1235 430
1235 1023
1235 767
1236 906
1236 32
1236 1152
1236 905
1236 208
1237 1157
1237 1750
1238 847
1238 1893
1239 1058
1239 900
1239 191
1239 1586
1240 1689
1241 490
1242 1157
1243 207
1243 1090
1243 804
1243 1930
1244 138
1244 179
1244 1641
1245 206
1245 472
1245 7
1245 1014
1245 453
1245 721
1245 404
1245 216
1245 1599
1245 1128
1246 1665
1246 569
1246 1155
1246 1280
1246 643
1246 1045
1246 264
1246 208
1246 1608
1247 426
1248 78
1248 940
1248 1920
1249 752
1250 22
1250 467
1251 245
1252 291
1252 455
1252 997
1252 9
1253 49
1253 407
1253 1794
1253 575
1253 516
1253 1003
1254 1469
1254 692
1254 1170
1254 1095
1254 965
1255 1850
1255 1718
1255 141
1255 556
1255 1813
1255 286
1256 1753
1257 667
1258 35
1258 190
1258 809
1258 1145
1259 294
1259 672
1259 625
1259 219
1259 605
1259 1262
1260 1202
1260 878
1260 95
1260 1157
1260 104
1261 1610
1261 1824
1261 866
1261 1731
1261 691
1261 1933
1261 0
1261 1284
1261 253
1261 503
1261 568
1262 791
1263 1791
1264 1839
1264 1882
1264 1811
1265 826
1265 1918
1265 73
1265 1208
1266 1432
1266 801
1266 1799
1266 456
1266 1967
1266 1412
1267 1543
1267 1383
1268 163
1269 284
1270 113
1270 116
1270 1441
1270 268
1270 1924
1270 1695
1270 1702
1270 1212
1271 519
1271 1106
1271 687
1271 377
1271 1605
1272 1805
1272 132
1272 1879
1272 16
1272 680
1272 1769
1272 1304
1272 1851
1272 1762
1273 681
1273 1968
1273 1560
1273 695
1273 478
1273 1427
1273 1080
1274 153
1274 1853
1274 856
1274 1859
1274 1699
1274 1938
1274 222
1275 237
1276 1940
1276 682
1276 1935
1276 192
1276 167
1276 1208
1277 1424
1278 1222
1278 979
1278 1017
1278 348
1278 707
1278 702
1279 476
1279 1533
1280 1162
1280 369
1281 150
1282 594
1282 976
1282 505
1283 1333
1283 619
1283 87
1283 1292
1283 86
1283 533
1284 896
1284 439
1284 596
1284 1785
1284 351
1284 1896
1285 1024
1285 995
1286 247
1286 199
1286 1896
1286 1839
1286 1452
1286 423
1286 1278
1286 639
1286 1793
1286 1820
1286 1583
1287 675
1288 188
1288 228
1288 1319
1288 586
1288 1603
1289 1769
1290 1577
1290 1101
1290 1194
1290 377
1291 1357
1291 1785
1292 677
1292 54
1293 937
1293 1035
1293 985
1293 1034
1293 1084
1293 1564
1293 542
1294 1020
1294 1043
1295 1999
1295 371
1295 1527
1295 1347
1295 1282
1295 905
1295 314
1296 1091
1296 439
1296 1311
1297 1177
1297 594
1297 602
1297 1530
1297 456
1297 281
1298 822
1299 1103
1299 371
1299 714
1299 1693
1299 1046
1300 28
1300 928
1300 1050
1300 448
1300 314
1300 1085
1300 1309
1300 1870
1300 799
1300 886
1301 602
1302 1947
1302 1658
1303 600
1303 849
1303 485
1303 299
1303 304
1303 1758
1304 681
1304 953
1304 1031
1304 1265
1304 434
1304 1861
1304 1126
1304 635
1304 730
1305 1559
1305 435
1305 572
1305 1522
1305 294
1305 1816
1305 682
1305 434
1305 1732
1306 1825
1306 332
1306 290
1306 330
1306 1188
1306 1786
1307 1656
1307 178
1307 1842
1307 827
1307 321
1308 1189
1309 1688
1309 939
1309 1307
1309 1916
1309 1944
1309 231
1309 674
1310 318
1310 370
1310 197
1310 371
1311 1872
1311 1716
1311 695
1312 1896
1312 360
1312 1623
1312 1308
1313 1322
1313 1876
1313 170
1313 1198
1313 1078
1314 1600
1314 691
1314 51
1314 1030
1314 1875
1315 1105
1315 1462
1315 1372
1315 1607
1315 90
1315 1202
1316 1822
1316 1818
1316 1135
1316 519
1317 1445
1318 1288
1319 1223
1319 670
1319 139
1319 730
1319 222
1319 911
1319 1988
1319 41
1319 1863
1319 372
1320 1648
1320 1164
1320 1446
1320 73
1320 207
1320 1298
1320 591
1321 832
1321 1301
1322 144
1322 1566
1322 1297
1323 860
1324 242
1324 1845
1325 1395
1325 1361
1325 1730
1325 862
1325 1676
1325 1133
1325 1775
1325 325
1326 1252
1326 1331
1326 788
1326 932
1327 1224
1328 1223
1329 1600
1329 911
1329 246
1329 335
1329 132
1329 233
1330 306
1330 883
1331 881
1332 215
1332 464
1332 544
1332 1291
1332 1302
1332 1127
1332 1786
1332 503
1332 764
1333 1351
1334 703
1334 595
1334 91
1334 266
1334 1412
1335 1856
1335 555
1335 161
1335 1591
1335 708
1335 808
1336 8
1336 989
1336 702
1336 603
1337 914
1337 579
1338 980
1339 916
1339 10
1339 499
1339 437
1339 877
1340 1352
1340 1527
1340 650
1340 11
1341 868
1341 1389
1341 575
1342 526
1342 946
1342 774
1342 697
1342 1623
1342 627
1342 1748
1342 30
1342 1043
1342 481
1343 101
1343 1158
1343 1114
1343 696
1343 1255
1343 80
1343 1891
1343 121
1344 1274
1344 432
1344 570
1344 88
1344 298
1344 165
1344 736
1345 541
1345 262
1345 1540
1345 961
1345 1724
1345 379
1346 1840
1346 1336
1347 1788
1348 1311
1348 1751
1348 1459
1348 960
1348 1772
1348 1947
1349 376
1350 1383
1350 1578
1350 1719
1350 558
1351 668
1351 602
1351 476
1351 1346
1351 535
1351 1137
1352 1967
1352 1602
1352 1845
1352 1524
1352 1879
1353 1478
1354 1360
1354 1795
1354 1210
1354 409
1354 804
1354 980
1354 1728
1355 397
1355 1240
1356 1019
1356 1534
1356 166
1356 1127
1356 138
1356 1459
1356 1535
1356 651
1357 963
1357 1506
1357 1607
1357 1158
1358 698
1358 211
1358 1825
1358 1211
1358 1739
1358 1203
1359 5
1359 1275
1359 55
1360 1687
1360 1424
1360 1810
1360 1620
1361 108
1361 283
1361 1507
1361 994
1361 1646
1362 732
1362 713
1362 85
1362 1674
1362 453
1362 865
1362 655
1363 1400
1364 875
1364 1090
1364 659
1364 531
1364 776
1364 1465
1364 813
1364 1762
1365 1009
1365 1796
1365 64
1365 1136
1365 1602
1365 767
1366 1122
1366 1036
1367 1444
1368 905
1368 1608
1369 334
1369 1114
1369 1075
1369 803
1369 1545
1370 1013
1371 555
1371 828
1372 1514
1372 172
1372 1577
1372 357
1372 1900
1372 121
1372 1523
1373 438
1373 592
1373 1846
1373 1946
1373 1585
1374 352
1374 749
1375 1372
1375 1752
1376 464
1376 755
1377 1017
1377 1454
1377 259
1377 1340
1377 1404
1377 770
1377 1410
1377 143
1377 1687
1378 425
1378 515
1378 443
1378 532
1379 819
1379 707
1380 836
1380 1416
1380 1512
1380 1165
1380 837
1380 542
1381 214
1381 177
1381 1737
1381 331
1381 654
1381 1550
1381 170
1381 1432
1381 40
1381 1521
1382 1503
1383 1742
1383 773
1383 592
1383 223
1383 880
1383 311
1383 1278
1383 1475
1383 316
1384 1504
1384 3
1384 126
1384 1260
1384 1475
1384 442
1384 1881
1384 1811
1384 219
1385 1802
1385 1278
1386 321
1386 1481
1386 1067
1386 7
1386 1933
1387 1152
1388 793
1389 794
1389 921
1389 1107
1389 1897
1389 1743
1389 1880
1390 1747
1391 1578
1392 902
1393 1988
1393 113
1393 1906
1393 770
1393 156
1393 1411
1394 1062
1394 1767
1394 1248
1394 1130
1394 1528
1395 1856
1396 1849
1396 1719
1396 608
1396 1885
1396 907
1396 942
1396 780
1396 66
1396 268
1397 1369
1398 1687
1399 1540
1399 709
1399 1455
1400 1520
1400 932
1401 1496
1401 1886
1401 1750
1401 53
1401 1503
1401 458
1402 387
1402 312
1402 795
1402 1703
1403 90
1404 372
1404 764
1404 444
1404 1195
1404 802
1405 1469
1405 127
1405 492
1405 1705
1406 1108
1406 1254
1406 1961
1406 1517
1406 1693
1406 1694
1406 655
1406 287
1406 1835
1406 1580
1407 798
1408 671
1408 1283
1408 1187
1408 1451
1408 1535
1409 1860
1409 1164
1410 771
1410 1701
1411 997
1411 61
1411 701
1411 923
1411 772
1411 763
1412 1554
1412 1789
1412 1332
1412 820
1412 281
1412 1650
1412 1768
1413 1269
1413 1779
1413 163
1413 191
1413 1343
1413 1745
1413 1393
1413 1683
1413 641
1413 527
1414 1865
1415 361
1416 1693
1416 1527
1416 828
1416 1933
1417 349
1417 1671
1417 1380
1417 169
1418 511
1418 284
1418 1970
1418 1326
1418 1542
1419 398
1419 877
1419 1365
1419 739
1419 1668
1420 1823
1420 554
1421 137
1421 940
1421 686
1421 1215
1421 100
1422 727
1422 320
1422 698
1422 712
1422 766
1422 1272
1423 1311
1423 938
1423 883
1423 846
1423 546
1423 85
1423 1989
1423 1469
1423 766
1424 951
1424 908
1424 1458
1424 1760
1424 973
1424 271
1424 754
1425 1593
1425 1788
1425 1318
1425 303
1425 817
1426 1153
1426 1757
1426 1067
1426 773
1426 529
1426 221
1426 268
1426 1189
1426 1085
1426 1914
1427 1409
1427 1211
1427 958
1427 784
1427 460
1427 1705
1428 1785
1429 1555
1429 1964
1429 90
1429 802
1429 1110
1429 921
1430 1577
1431 70
1431 1698
1431 1045
1431 69
1431 1781
1431 71
1431 1779
1432 1635
1432 1848
1433 404
1433 87
1433 66
1433 1480
1434 1842
1434 1389
1435 1456
1435 372
1435 1561
1435 354
1435 1872
1436 1940
1436 188
1436 1041
1436 1717
1436 953
1436 1773
1436 889
1437 812
1437 1699
1437 726
1437 561
1437 1098
1437 1969
1438 426
1438 802
1438 1914
1438 1676
1438 1564
1439 1353
1439 97
1439 1900
1439 192
1439 1983
1440 1646
1440 1508
1440 90
1440 1162
1440 980
1441 112
1441 1693
1441 742
1441 818
1441 9
1441 22
1441 713
1441 623
1441 181
1442 673
1443 1463
1443 536
1443 859
1443 1743
1444 146
1444 1625
1445 1575
1445 1659
1445 1475
1445 1606
1445 73
1445 593
1445 1363
1446 403
1446 1384
1446 1991
1446 114
1446 1595
1446 97
1447 1190
1447 1574
1448 1738
1449 1635
1449 757
1449 1257
1449 979
1449 1280
1449 438
1450 181
1451 1440
1451 815
1451 1779
1451 1495
1451 1855
1451 902
1452 430
1453 1569
1453 1201
1453 1734
1453 395
1453 1033
1453 1295
1454 1066
1454 1914
1455 1906
1455 1782
1456 730
1457 976
1457 714
1457 1159
1457 1439
1457 868
1458 984
1458 1756
1458 313
1459 1321
1459 1626
1460 1571
1461 1391
1461 1954
1461 386
1461 1711
1462 866
1462 24
1462 1169
1462 218
1462 367
1462 1603
1462 1114
1462 290
1462 1666
1463 1147
1464 1097
1464 1859
1464 1830
1464 1948
1465 1320
1465 1805
1465 721
1466 929
1467 1820
1467 1642
1468 615
1468 1334
1468 1520
1468 468
1468 1682
1468 467
1468 1865
1468 1603
1468 1601
1468 310
1468 840
1469 774
1469 802
1469 1365
1469 1275
1469 1735
1470 543
1471 319
1471 16
1471 1320
1471 1344
1471 1700
1471 976
1472 1191
1472 937
1472 1441
1472 1035
1472 1040
1473 64
1473 1197
1473 1977
1473 1170
1473 747
1474 673
1474 1659
1474 439
1475 1282
1476 485
1477 1149
1477 1633
1477 694
1477 1720
1478 504
1478 515
1479 1962
1479 755
1479 1355
1480 1685
1480 1343
1480 364
1480 1796
1480 1405
1480 456
1481 707
1481 826
1481 1842
1481 310
1481 80
1481 1469
1482 1840
1482 1541
1483 148
1483 1008
1483 1474
1483 26
1483 257
1484 1682
1484 10
1485 1253
1485 486
1485 996
1485 836
1485 1182
1486 1805
1487 282
1488 1884
1489 1076
1490 1271
1490 1832
1490 1455
1490 1744
1490 896
1490 186
1490 1569
1491 1546
1491 1234
1492 1950
1492 1643
1492 340
1492 3
1493 923
1494 1973
1495 218
1496 820
1496 1933
1496 852
1496 1761
1496 223
1496 1609
1497 1705
1497 1905
1497 1072
1497 1922
1497 1302
1498 620
1499 26
1499 1814
1499 1168
1499 489
1499 271
1499 874
1500 388
1500 623
1500 1599
1500 531
1500 1709
1500 152
1501 1623
1501 1824
1502 390
1502 757
1502 261
1502 1694
1502 848
1503 1221
1504 945
1505 1875
1505 505
1505 1059
1505 82
1505 1753
1505 1127
1505 1326
1506 1386
1506 69
1506 721
1506 61
1506 641
1507 975
1507 599
1507 1607
1507 1391
1507 65
1508 981
1509 1925
1510 671
1510 1110
1510 1693
1510 998
1510 1866
1511 679
1511 774
1511 1907
1511 735
1512 107
1512 1672
1512 261
1512 781
1513 1281
1513 672
1514 667
1514 946
1514 1399
1514 1918
1514 331
1514 1306
1515 316
1515 1960
1515 469
1516 1980
1516 543
1516 1640
1516 1669
1517 723
1517 954
1517 309
1517 625
1517 9
1517 1927
1518 102
1518 1264
1518 755
1519 1603
1519 1117
1519 1894
1519 1866
1519 40
1520 1201
1521 767
1521 1082
1521 1821
1521 1642
1521 1581
1521 649
1521 1212
1522 890
1522 809
1522 59
1522 1881
1522 1960
1522 1029
1522 1215
1522 1360
1522 1876
1523 1404
1523 1346
1523 821
1523 635
1523 1340
1523 1248
1524 732
1524 1072
1524 898
1524 1947
1524 124
1524 143
1524 369
1524 1719
1524 1103
1524 1301
1525 916
1526 1091
1526 1588
1526 364
1526 789
1526 965
1526 525
1527 1483
1528 1314
1529 1825
1529 309
1529 732
1529 1245
1529 1184
1530 1449
1531 911
1531 1056
1531 687
1531 327
1531 478
1531 954
1532 1910
1532 1399
1532 515
1532 1848
1532 1755
1533 89
1533 415
1533 1597
1533 1469
1533 43
1533 165
1533 98
1534 772
1534 1040
1534 1204
1534 452
1534 1129
1534 1276
1535 1719
1535 130
1535 569
1535 1817
1536 652
1536 1006
1537 1454
1538 780
1538 651
1538 1509
1538 1031
1538 1494
1539 1441
1539 937
1539 1179
1539 1288
1539 1124
1539 288
1540 1104
1540 758
1540 1062
1540 1118
1540 812
1540 66
1540 1508
1540 1554
1541 1690
1541 1081
1541 1316
1542 1357
1542 486
1542 1236
1542 1149
1542 80
1542 887
1542 1238
1543 1480
1543 15
1543 26
1543 236
1543 64
1544 1959
1545 1800
1545 1380
1545 1232
1545 1561
1545 1344
1545 1663
1546 844
1546 1012
1546 772
1546 1352
1546 1528
1546 795
1547 1605
1547 1160
1548 1963
1548 343
1548 1084
1548 811
1548 1325
1548 634
1548 1400
1549 570
1550 693
1551 1434
1551 302
1551 1280
1551 522
1551 1384
1551 1646
1552 157
1552 149
1552 1088
1552 1577
1552 1791
1552 1124
1553 1367
1553 769
1553 1146
1553 1518
1553 331
1553 1548
1553 22
1553 997
1554 873
1554 1332
1554 171
1554 614
1554 1969
1554 1014
1554 1661
1555 994
1556 635
1556 997
1556 45
1556 938
1556 1650
1557 1031
1557 855
1558 1638
1558 740
1558 695
1558 1510
1558 1317
1558 1007
1559 1392
1559 1212
1559 1996
1559 703
1559 717
1559 1598
1560 1512
1560 263
1560 1340
1560 96
1560 1778
1560 1597
1560 1063
1560 1676
1560 846
1560 1300
1561 1845
1561 744
1561 1962
1562 411
1562 1844
1563 1862
1563 173
1564 184
1565 1069
1565 221
1565 1131
1565 782
1565 1893
1566 837
1567 422
1568 1619
1568 1385
1568 229
1568 456
1569 1205
1569 344
1569 1654
1569 1714
1569 458
1569 222
1569 549
1569 693
1569 1755
1569 1913
1569 686
1570 17
1570 1249
1570 1318
1571 809
1571 1924
1572 1933
1572 1528
1572 225
1572 468
1573 1539
1574 1314
1575 1268
1575 1254
1576 434
1576 1944
1576 898
1576 166
1576 1440
1577 332
1577 668
1577 1353
1577 251
1577 293
1578 1090
1578 1096
1578 892
1578 460
1578 1047
1579 1382
1579 504
1579 233
1579 1241
1579 521
1579 1053
1579 1870
1579 1902
1579 758
1580 1750
1580 1990
1580 534
1580 35
1580 64
1580 590
1580 621
1581 742
1581 1003
1582 505
1583 303
1583 1705
1583 64
1583 1700
1583 1384
1584 1206
1584 1019
1584 1987
1584 1596
1585 26
1585 1842
1585 340
1586 384
1587 338
1587 1809
1588 862
1588 1034
1588 1639
1588 1978
1589 362
1589 236
1590 849
1591 482
1591 946
1591 1128
1591 266
1591 1986
1592 469
1593 46
1593 1625
1593 1934
1593 1484
1594 963
1594 989
1594 1947
1594 414
1594 1003
1594 945
1594 1844
1594 689
1594 1956
1594 1874
1595 1749
1596 1501
1596 1225
1597 1875
1597 673
1597 1914
1597 356
1598 415
1598 1068
1599 163
1599 785
1599 1342
1599 1167
1599 1680
1599 977
1600 1564
1601 1732
1602 687
1602 658
1602 238
1602 540
1602 1831
1603 1498
1603 1407
1603 485
1603 698
1604 275
1604 862
1604 786
1604 578
1604 1097
1605 1003
1605 1114
1605 970
1605 1372
1605 704
1605 1915
1606 1483
1606 216
1607 1898
1607 1489
1608 692
1609 1704
1609 1050
1609 1022
1609 13
1610 1830
1610 1595
1610 1524
1610 751
1610 1722
1610 1715
1611 1449
1611 1271
1611 1788
1611 177
1611 1352
1611 32
1611 1513
1612 499
1613 1990
1613 218
1613 9
1613 1388
1613 432
1613 1585
1613 1000
1614 449
1614 13
1614 468
1614 1850
1614 1187
1615 315
1615 415
1615 246
1615 1416
1615 1742
1615 1585
1615 4
1615 707
1615 900
1616 963
1617 627
1617 1637
1617 677
1617 740
1617 156
1617 398
1617 240
1617 434
1617 12
1618 786
1619 1415
1619 1165
1619 66
1619 1411
1620 84
1621 1266
1621 1722
1622 1355
1622 877
1622 256
1622 1491
1622 1177
1622 1614
1623 375
1623 175
1623 1477
1623 1496
1623 1109
1623 1784
1624 752
1625 1129
1625 1542
1625 1939
1625 393
1625 1423
1625 423
1625 1446
1626 465
1627 1226
1627 1351
1627 853
1627 977
1628 1746
1629 15
1629 532
1629 963
1629 1472
1629 621
1630 1092
1630 536
1630 308
1630 1674
1630 1380
1630 1069
1631 1829
1632 355
1633 1886
1633 1175
1633 1920
1633 421
1633 1257
1633 1713
1633 1027
1633 37
1633 690
1634 736
1634 889
1634 356
1634 1786
1634 1632
1635 679
1635 362
1635 1773
1636 493
1636 1238
1636 1396
1636 274
1637 989
1637 166
1637 273
1637 1997
1638 126
1638 961
1639 1306
1640 1597
1640 1566
1640 666
1640 268
1641 654
1641 1247
1641 249
1641 898
1642 1949
1642 1066
1642 250
1642 1806
1642 793
1642 703
1643 1935
1643 283
1643 1437
1643 220
1643 1398
1643 1401
1644 1578
1644 1689
1644 591
1645 1824
1646 1961
1647 1528
1647 1403
1647 767
1647 213
1647 435
1647 1146
1647 1397
1647 1646
1647 1981
1648 1770
1649 658
1650 377
1650 1447
1650 805
1650 1130
1650 1996
1651 727
1651 585
1651 1788
1651 1244
1651 225
1651 764
1651 1372
1652 42
1652 1175
1652 1545
1653 1401
1653 1281
1653 549
1653 240
1653 922
1653 1629
1654 1090
1654 1267
1654 1245
1654 1049
1654 313
1655 698
1655 1276
1656 1372
1657 183
1657 375
1657 1759
1657 37
1657 993
1657 1059
1657 666
1657 866
1657 715
1658 1569
1658 248
1658 1052
1658 659
1658 723
1659 1784
1659 1335
1659 1764
1659 1175
1659 175
1659 1551
1660 1710
1660 1743
1660 684
1660 940
1660 456
1660 763
1660 1975
1660 1527
1661 1419
1661 55
1661 254
1661 1120
1661 925
1662 894
1663 593
1664 206
1665 463
1665 681
1665 580
1665 477
1665 917
1665 293
1666 490
1667 1036
1667 548
1667 790
1667 1631
1667 1217
1668 1524
1668 333
1668 999
1668 981
1668 1494
1668 1988
1668 1422
1669 1287
1669 1108
1670 74
1671 1703
1671 1160
1671 536
1671 889
1671 947
1671 223
1672 820
1672 205
1673 531
1674 1703
1674 805
1674 1307
1674 1300
1674 1471
1674 16
1675 1719
1675 43
1675 1064
1675 1722
1675 66
1676 1922
1676 1965
1677 79
1677 1318
1677 1465
1677 436
1678 1010
1678 534
1679 67
1680 1714
1681 700
1682 884
1683 1325
1684 1441
1684 853
1684 1622
1684 643
1684 151
1685 649
1685 1883
1685 857
1685 1736
1685 411
1685 1310
1685 1220
1686 73
1686 955
1686 1432
1686 1603
1686 1398
1687 100
1688 1282
1688 701
1688 1591
1688 299
1688 1782
1688 431
1689 492
1689 1345
1689 1196
1689 477
1689 151
1689 1430
1690 285
1690 384
1690 0
1691 870
1691 1023
1691 952
1691 130
1691 585
1692 1053
1692 1728
1692 870
1692 1328
1692 1308
1692 1896
1693 263
1694 697
1694 1817
1694 581
1694 1886
1695 887
1695 892
1695 1823
1695 1924
1695 1815
1695 1148
1695 1394
1695 1774
1695 403
1696 1811
1696 416
1697 800
1698 1159
1698 442
1698 1241
1699 1624
1699 1296
1699 1211
1699 144
1699 407
1699 261
1699 1294
1700 272
1700 951
1700 1250
1700 1606
1700 1249
1700 1546
1700 1239
1700 1454
1700 836
1701 1119
1701 1701
1701 864
1701 896
1701 945
1702 1759
1703 909
1703 598
1704 1833
1705 1744
1706 527
1706 1639
1706 236
1706 1402
1706 162
1706 477
1706 1021
1706 338
1706 71
1706 1777
1706 681
1707 787
1707 643
1707 145
1707 1308
1707 1222
1708 821
1708 1486
1709 1488
1709 1343
1709 64
1709 614
1709 297
1709 684
1710 1937
1710 1096
1711 325
1711 8
1711 160
1711 181
1712 796
1712 49
1712 1387
1712 522
1712 1094
1713 1329
1713 1887
1713 228
1713 801
1713 798
1713 1849
1714 1092
1715 586
1716 378
1716 284
1716 1851
1716 427
1716 1327
1716 123
1716 1849
1716 1431
1717 1944
1717 991
1717 1194
1717 1005
1717 316
1717 1263
1718 184
1719 392
1720 1071
1720 1607
1720 735
1720 1103
1721 1770
1721 786
1721 203
1721 1836
1722 1122
1722 1304
1722 500
1722 591
1722 90
1722 1054
1723 1622
1723 1072
1723 268
1723 1974
1723 873
1723 1074
1724 1361
1724 1285
1724 388
1724 1949
1724 1085
1724 755
1725 1282
1725 587
1725 893
1725 1542
1725 1720
1725 106
1726 901
1726 728
1726 1454
1726 1955
1726 1370
1726 1233
1726 115
1726 1544
1726 1065
1726 924
1727 687
1727 5
1728 512
1729 1825
1729 1799
1730 494
1730 620
1730 1662
1730 270
1730 1914
1731 515
1731 1497
1731 607
1731 798
1731 379
1731 861
1732 1392
1732 82
1732 600
1732 1157
1733 46
1734 989
1734 1975
1734 341
1734 1550
1734 5
1734 1645
1735 324
1735 787
1735 921
1735 1928
1735 55
1735 1888
1736 1462
1736 134
1736 97
1736 178
1736 1905
1736 659
1737 1638
1737 1016
1737 751
1737 1410
1737 1448
1737 810
1738 1944
1738 1048
1738 154
1738 1646
1738 1569
1738 1021
1738 31
1739 1289
1739 1872
1739 1800
1739 402
1740 220
1740 653
1740 1500
1740 1946
1740 228
1740 794
1740 876
1741 1553
1742 1439
1742 1937
1742 1217
1742 1408
1742 1011
1743 559
1743 1033
1743 882
1743 19
1743 1874
1743 755
1744 380
1744 911
1744 882
1744 1214
1744 1971
1745 1046
1745 231
1745 861
1745 1302
1745 1523
1745 44
1745 974
1745 1969
1745 1583
1746 1508
1746 1345
1747 1361
1747 1970
1747 1358
1748 909
1749 851
1750 1664
1750 460
1750 1238
1750 1526
1751 200
1752 1907
1752 85
1753 1837
1754 1742
1754 1233
1754 954
1754 569
1754 961
1755 604
1755 1843
1755 1416
1755 1597
1755 264
1755 774
1756 591
1757 597
1757 1391
1757 1783
1757 187
1758 195
1759 1261
1759 1169
1759 583
1759 191
1759 742
1759 364
1759 1087
1759 1949
1759 395
1759 1312
1759 1670
1760 468
1760 1233
1761 1051
1761 37
1761 70
1761 113
1761 892
1761 61
1762 1310
1762 1872
1763 1500
1763 191
1764 1567
1764 1899
1764 985
1764 1000
1764 1229
1764 1487
1765 292
1765 877
1766 810
1766 955
1767 690
1768 1492
1769 1342
1769 945
1769 1501
1769 188
1769 812
1770 289
1770 451
1770 1678
1770 1645
1771 1247
1771 368
1771 1578
1771 626
1771 1548
1771 777
1772 856
1773 1461
1773 1534
1773 1679
1773 48
1774 1485
1774 554
1774 899
1775 250
1775 339
1775 134
1775 314
1775 1418
1776 487
1777 915
1777 712
1777 1163
1777 1133
1777 1399
1777 1931
1777 82
1778 128
1778 1150
1778 616
1778 1566
1778 1279
1778 339
1779 351
1779 1545
1779 719
1779 561
1780 225
1781 1871
1781 1002
1782 607
1783 707
1783 696
1783 1048
1783 1063
1783 1993
1784 200
1784 1427
1784 1353
1784 825
1784 1803
1784 1677
1784 728
1784 195
1784 1656
1784 1834
1784 1475
1785 1648
1785 1369
1785 1424
1785 494
1786 918
1786 1139
1787 920
1787 1978
1787 1059
1787 1269
1788 1764
1788 204
1789 745
1790 29
1790 757
1790 733
1790 484
1791 762
1792 293
1792 1363
1792 1856
1792 1231
1792 551
1792 1776
1792 1725
1792 1746
1792 554
1792 998
1793 1853
1793 0
1793 1762
1794 1226
1794 1769
1794 1676
1794 1299
1794 12
1794 1941
1794 836
1794 1476
1795 77
1795 1025
1795 1260
1796 1755
1796 554
1796 1628
1796 1844
1796 986
1796 1266
1797 1824
1797 468
1797 690
1797 1036
1797 124
1797 821
1797 1970
1797 110
1797 1546
1798 595
1799 19
1799 348
1799 1445
1799 795
1799 1682
1799 1753
1799 940
1800 1547
1801 1284
1801 1088
1802 485
1803 840
1804 1427
1804 624
1804 1486
1804 713
1804 901
1805 1214
1805 1779
1806 1530
1806 1180
1806 87
1806 162
1806 1800
1806 942
1807 123
1808 858
1808 1664
1808 604
1808 1867
1808 1123
1808 1743
1809 1715
1809 1570
1810 840
1811 1558
1811 677
1811 263
1811 1079
1811 609
1811 782
1812 1360
1812 959
1812 1087
1812 1305
1812 384
1812 762
1812 1642
1812 1629
1812 845
1813 1888
1813 1179
1813 1959
1814 1814
1814 499
1815 1145
1815 1554
1815 268
1815 501
1816 397
1816 1247
1816 321
1816 8
1817 1988
1817 1429
1818 1683
1819 1130
1819 1964
1819 158
1819 1004
1819 1797
1819 1201
1819 1160
1819 464
1819 798
1819 1671
1819 981
1820 229
1820 1649
1820 761
1820 325
1820 779
1821 235
1822 503
1822 387
1823 1393
1824 1026
1825 1044
1826 101
1826 74
1826 360
1826 1590
1826 102
1826 1473
1827 967
1827 1777
1827 1987
1827 299
1827 6
1827 1559
1828 1072
1829 1425
1829 893
1830 300
1830 1560
1830 833
1830 1111
1830 1900
1830 1972
1831 1000
1831 1554
1831 985
1831 137
1831 130
1832 878
1832 517
1832 1062
1832 1875
1833 1159
1833 456
1833 1954
1833 372
1833 1347
1833 1734
1833 531
1833 795
1834 1694
1834 1224
1834 33
1834 1924
1834 1859
1834 149
1835 872
1836 903
1836 1384
1836 1266
1837 1509
1837 422
1838 1366
1838 1818
1838 192
1838 386
1838 1934
1838 1735
1839 270
1839 1480
1840 1256
1841 729
1841 1155
1841 470
1841 868
1841 309
1842 1222
1842 598
1843 93
1843 1193
1843 1914
1843 775
1843 417
1843 1820
1843 1947
1844 1
1845 1645
1845 1784
1845 632
1845 155
1845 930
1845 1446
1845 482
1846 681
1846 816
1846 1891
1846 1837
1846 71
1846 1365
1847 849
1847 112
1847 819
1847 1996
1848 1705
1849 1160
1850 1247
1851 974
1852 1437
1853 604
1853 1362
1853 1120
1853 757
1853 989
1853 1039
1854 1380
1855 1261
1855 840
1855 1993
1855 623
1855 407
1856 120
1856 1
1857 1721
1857 1699
1857 96
1857 1028
1857 459
1857 1744
1858 1856
1858 1263
1858 113
1858 823
1858 487
1858 734
1858 176
1859 1239
1859 1622
1859 1455
1860 1262
1860 700
1861 614
1862 1611
1862 1695
1862 1026
1862 1930
1862 1746
1863 469
1863 670
1863 868
1863 324
1863 1556
1863 1344
1864 1667
1864 676
1864 432
1865 110
1866 1469
1867 707
1867 261
1867 868
1867 1041
1867 1087
1867 1239
1868 1362
1869 573
1869 1317
1870 1989
1870 1943
1871 443
1871 1360
1871 697
1871 583
1871 524
1871 774
1871 1169
1872 516
1873 277
1873 1842
1874 711
1874 1269
1875 810
1875 13
1875 1786
1875 1183
1875 619
1876 1351
1876 1164
1876 1715
1876 1229
1876 911
1876 107
1876 1084
1876 1275
1876 486
1876 1884
1876 1694
1877 1467
1877 1343
1877 1629
1877 1975
1877 1033
1878 1302
1878 1135
1878 774
1878 857
1879 1478
1879 788
1879 1740
1879 959
1879 1573
1879 767
1880 1688
1881 1449
1882 1474
1882 1582
1882 1693
1882 1952
1882 1563
1882 25
1882 1338
1882 1140
1882 175
1883 798
1883 70
1883 764
1883 1491
1883 773
1883 1883
1884 1545
1885 1475
1885 1819
1885 400
1886 679
1886 63
1886 1945
1886 886
1886 724
1886 1864
1886 1021
1887 1119
1887 106
1887 532
1888 713
1888 604
1888 419
1888 1780
1888 1943
1889 463
1889 1549
1889 704
1889 21
1889 13
1889 516
1890 1285
1891 1907
1892 1517
1892 1318
1892 1323
1892 1858
1893 249
1894 1946
1895 1896
1896 729
1897 896
1897 1917
1897 716
1897 1675
1897 751
1897 32
1897 929
1898 162
1898 1669
1898 208
1898 644
1898 103
1898 1818
1899 1896
1899 555
1899 1139
1899 1653
1899 393
1900 1811
1900 1465
1900 434
1900 1723
1901 1033
1902 1239
1903 119
1903 98
1903 1909
1903 112
1904 1902
1904 1484
1904 1278
1904 1549
1904 332
1904 679
1905 1721
1905 1109
1906 1361
1906 21
1906 469
1906 758
1906 156
1907 374
1907 843
1908 185
1909 65
1909 204
1909 414
1909 1185
1909 1008
1910 915
1911 1464
1911 878
1911 1088
1911 76
1911 1737
1911 730
1911 587
1911 1906
1912 1846
1913 1938
1914 1298
1914 61
1914 1929
1914 1333
1914 1766
1915 253
1916 1870
1916 1364
1916 269
1916 1273
1916 172
1916 1681
1916 516
1917 1578
1917 449
1917 248
1917 93
1917 94
1917 439
1917 1578
1917 249
1917 1797
1918 1321
1919 898
1919 1545
1919 37
1919 522
1919 1301
1919 155
1919 1396
1919 925
1920 33
1920 452
1920 1764
1920 1777
1920 742
1920 1126
1921 1444
1921 391
1922 1234
1922 342
1922 466
1923 620
1923 209
1923 376
1923 1406
1923 1032
1923 719
1923 1551
1923 730
1923 1258
1924 308
1924 174
1924 72
1924 1861
1924 195
1924 459
1924 1228
1924 281
1924 1389
1925 1514
1925 1566
1925 1395
1925 55
1925 700
1926 1650
1926 1046
1927 690
1927 1104
1927 404
1927 785
1927 497
1927 1764
1927 1661
1928 1259
1929 674
1929 220
1929 449
1929 820
1929 1728
1929 644
1929 1611
1930 1743
1930 352
1930 428
1930 1549
1930 1799
1930 844
1930 1893
1931 1112
1931 1494
1932 1062
1932 1214
1932 655
1932 1962
1933 1910
1933 1008
1933 327
1933 1430
1933 754
1933 68
1934 475
1934 1309
1935 329
1935 670
1935 852
1935 1477
1936 1937
1936 1591
1936 1326
1936 1467
1936 310
1936 1095
1937 1274
1937 1367
1937 860
1937 640
1937 829
1938 1650
1938 1714
1938 1084
1938 1229
1938 555
1938 1154
1938 1032
1939 572
1940 37
1940 1921
1940 388
1940 1268
1940 1802
1941 948
1942 904
1942 1878
1942 535
1942 527
1942 1683
1943 1369
1943 1412
1943 1472
1944 895
1944 555
1945 231
1946 638
1946 1538
1946 1227
1946 1922
1946 1380
1946 78
1946 1499
1947 1323
1947 112
1947 510
1947 1664
1947 250
1948 36
1948 1304
1949 1696
1950 1462
1951 996
1951 66
1952 533
1952 191
1953 153
1953 1653
1953 1991
1953 963
1953 1650
1953 38
1953 579
1953 1570
1953 542
1953 1423
1954 189
1954 1224
1954 826
1954 630
1955 1097
1956 644
1956 1102
1956 844
1956 592
1956 831
1957 1452
1957 1985
1957 1141
1957 532
1957 1687
1957 1895
1957 1329
1957 1387
1957 608
1957 1361
1957 541
1958 1916
1959 173
1959 307
1959 951
1959 512
1960 875
1960 1243
1960 1692
1960 100
1960 1742
1960 898
1960 1967
1960 1494
1961 192
1962 1454
1963 732
1963 1933
1963 771
1963 176
1963 333
1964 1449
1964 113
1964 92
1964 322
1964 924
1964 224
1964 106
1964 1099
1964 643
1964 206
1965 1339
1965 1124
1965 734
1966 765
1966 652
1966 1446
1966 870
1966 1807
1967 138
1968 1978
1969 1845
1970 64
1970 1179
1970 922
1970 665
1970 1734
1970 1382
1971 224
1971 1235
1971 771
1971 554
1972 1235
1972 1312
1972 646
1972 1376
1972 1067
1972 1119
1972 66
1973 239
1973 143
1973 819
1973 755
1973 1648
1973 1748
1973 805
1973 1741
1973 948
1973 363
1973 1041
1974 393
1974 1542
1974 186
1975 1268
1975 769
1975 1853
1975 985
1975 931
1976 1738
1976 1996
1976 1051
1977 164
1978 1277
1978 830
1979 531
1979 15
1979 1210
1979 412
1979 764
1979 643
1979 305
1980 41
1981 1296
1981 1667
1981 499
1981 1126
1981 1058
1982 620
1983 834
1984 691
1984 1734
1984 735
1985 1923
1985 224
1985 109
1985 184
1985 629
1986 751
1987 1823
1988 1977
1988 924
1988 1041
1988 910
1989 803
1989 1241
1990 271
1990 983
1990 1803
1990 1139
1990 96
1991 99
1992 633
1992 154
1993 348
1993 887
1993 1
1993 1701
1993 1407
1993 1264
1993 1865
1993 349
1994 1198
1994 1021
1994 1143
1994 1764
1994 1649
1995 1913
1995 204
1995 1316
1995 793
1995 621
1995 1342
1995 314
1995 426
1996 1717
1996 392
1996 1348
1996 1262
1996 674
1996 926
1997 1959
1997 1360
1997 1267
1997 354
1997 860
1997 266
1998 115
1999 1498
1999 291
1999 1364
1999 962
1999 1041
1999 156
1999 1193
1999 145
1999 899
1999 1919
1999 545
1999 1500
1999 881
1999 850
1999 1312
1999 1934
1999 909
1999 801
1999 1784
1999 211
1999 1770
1999 580
1999 980
1999 1346
1999 1415
1999 174
1999 566
1999 709
1999 590
1999 18
1999 1797
1999 1347
1999 231
1999 841
1999 546
1999 313
1999 1423
1999 341
1999 1144
1999 1880
1999 1486
1999 1381
1999 818
1999 1931
1999 1005
1999 1318
1999 1983
1999 914
1999 1977
1999 1857
1999 837
1999 1628
1999 1347
1999 1569
1999 799
1999 1581
1999 1137
1999 339
1999 607
1999 929
1999 33
1999 1658
1999 802
1999 238
1999 1742
1999 989
1999 117
1999 1221
1999 461
1999 138
1999 1311
1999 386
1999 414
1999 1737
1999 193
1999 1267
1999 1480
1999 1191
1999 81
1999 1737
1999 1270
1999 1248
1999 1470
1999 698
1999 770
1999 87
1999 1296
1999 931
1999 321
1999 361
1999 1570
1999 1561
1999 296
1999 1433
1999 337
1999 1829
1999 1594
1999 1178
1999 770
1999 1414
1999 1943
1999 1062
1999 24
